100 100
 200 100
 200 0
 100 0
 100 100
 101 99
 199 99
 199 1
 101 1
 101 99
 102 98
 198 98
 198 2
 102 2
 102 98
 103 97
 197 97
 197 3
 103 3
 103 97
 104 96
 196 96
 196 4
 104 4
 104 96
 105 95
 195 95
 195 5
 105 5
 105 95
 106 94
 194 94
 194 6
 106 6
 106 94
 107 93
 193 93
 193 7
 107 7
 107 93
 108 92
 192 92
 192 8
 108 8
 108 92
 109 91
 191 91
 191 9
 109 9
 109 91
 110 90
 190 90
 190 10
 110 10
 110 90
 111 89
 189 89
 189 11
 111 11
 111 89
 112 88
 188 88
 188 12
 112 12
 112 88
 113 87
 187 87
 187 13
 113 13
 113 87
 114 86
 186 86
 186 14
 114 14
 114 86
 115 85
 185 85
 185 15
 115 15
 115 85
 116 84
 184 84
 184 16
 116 16
 116 84
 117 83
 183 83
 183 17
 117 17
 117 83
 118 82
 182 82
 182 18
 118 18
 118 82
 119 81
 181 81
 181 19
 119 19
 119 81

